 	Autobiography	CoralReefs	DescentofMan	DifferentFromsofFlowers	EffectsCrossSelfFertilization	ExpressionofEmotionManAnimals	FormationVegetableMould	FoundationsOriginSpecies	GeologicalObservationsSouthAmerica	InsectivorousPlants	LifeandLettersVol1	LifeandLettersVol2	MonographCirripedia	MonographCirripediaVol2	MovementClimbingPlants	OriginofSpecies	PowerMovemntPlants	VariationPLantsAnimalsDomestication	VolcanicIslands	VoyageBeagle
Autobiography	1.0	0.678141	0.709403	0.599935	0.489523	0.75354	0.767397	0.659384	0.703282	0.711993	0.893059	0.807787	0.601502	0.613615	0.702086	0.702939	0.755402	0.698139	0.698046	0.853596
CoralReefs	0.678141	1.0	0.81301	0.70758	0.532636	0.802005	0.790557	0.758845	0.874527	0.698089	0.694288	0.705591	0.770753	0.797832	0.755899	0.834023	0.734246	0.802069	0.888559	0.865143
DescentofMan	0.709403	0.81301	1.0	0.735167	0.547963	0.903263	0.788249	0.857775	0.809525	0.708906	0.732742	0.73029	0.788718	0.807224	0.790328	0.889671	0.745584	0.885663	0.837532	0.852667
DifferentFromsofFlowers	0.599935	0.70758	0.735167	1.0	0.779546	0.707486	0.69794	0.689681	0.712058	0.676979	0.58756	0.580834	0.6981	0.70813	0.715267	0.74271	0.704637	0.749073	0.722215	0.741106
EffectsCrossSelfFertilization	0.489523	0.532636	0.547963	0.779546	1.0	0.532199	0.57312	0.518798	0.549522	0.582264	0.457623	0.449279	0.508386	0.516322	0.558358	0.570422	0.594422	0.570098	0.545726	0.582364
ExpressionofEmotionManAnimals	0.75354	0.802005	0.903263	0.707486	0.532199	1.0	0.799673	0.820402	0.801969	0.714332	0.77654	0.749839	0.765533	0.800242	0.816321	0.851575	0.769333	0.852117	0.840718	0.86869
FormationVegetableMould	0.767397	0.790557	0.788249	0.69794	0.57312	0.799673	1.0	0.725113	0.814029	0.799942	0.712149	0.676445	0.712124	0.736064	0.784262	0.783061	0.835803	0.782774	0.827655	0.885021
FoundationsOriginSpecies	0.659384	0.758845	0.857775	0.689681	0.518798	0.820402	0.725113	1.0	0.753641	0.657635	0.704167	0.696752	0.708625	0.746431	0.751453	0.874758	0.705577	0.831162	0.76883	0.801066
GeologicalObservationsSouthAmerica	0.703282	0.874527	0.809525	0.712058	0.549522	0.801969	0.814029	0.75364	1.0	0.7215	0.691634	0.68543	0.792205	0.807477	0.76688	0.825281	0.762566	0.813325	0.927102	0.881697
InsectivorousPlants	0.711993	0.698089	0.708906	0.676979	0.582264	0.714332	0.799942	0.657635	0.7215	1.0	0.647674	0.614628	0.68653	0.687927	0.786524	0.702102	0.841668	0.703601	0.720148	0.810432
LifeandLettersVol1	0.893059	0.694288	0.732742	0.58756	0.457623	0.77654	0.712149	0.704167	0.691635	0.647674	1.0	0.958032	0.612837	0.637002	0.696029	0.749792	0.687435	0.711257	0.698618	0.827363
LifeandLettersVol2	0.807787	0.705591	0.73029	0.580834	0.449279	0.749839	0.676445	0.696752	0.68543	0.614628	0.958032	1.0	0.602806	0.634025	0.675126	0.761063	0.647097	0.705343	0.697057	0.778511
MonographCirripedia	0.601502	0.770753	0.788718	0.6981	0.508386	0.765533	0.712124	0.708625	0.792205	0.68653	0.612837	0.602806	1.0	0.930499	0.752883	0.765362	0.717683	0.810726	0.79659	0.787616
MonographCirripediaVol2	0.613615	0.797832	0.807224	0.70813	0.516322	0.800242	0.736064	0.746431	0.807477	0.687927	0.637002	0.634025	0.930499	1.0	0.779086	0.805156	0.72522	0.823856	0.821944	0.801885
MovementClimbingPlants	0.702086	0.755899	0.790328	0.715267	0.558358	0.816321	0.784262	0.751453	0.76688	0.786524	0.696029	0.675126	0.752883	0.779086	1.0	0.795204	0.843377	0.786329	0.78967	0.841828
OriginofSpecies	0.702939	0.834023	0.889671	0.74271	0.570422	0.851575	0.783061	0.874758	0.825281	0.702102	0.749792	0.761063	0.765362	0.805156	0.795204	1.0	0.736946	0.862555	0.842612	0.84627
PowerMovemntPlants	0.755402	0.734246	0.745584	0.704637	0.594422	0.769333	0.835803	0.705577	0.762566	0.841668	0.687435	0.647097	0.717683	0.72522	0.843377	0.736945	1.0	0.743755	0.762371	0.86069
VariationPLantsAnimalsDomestication	0.698139	0.802069	0.885663	0.749073	0.570098	0.852117	0.782774	0.831162	0.813325	0.703601	0.711257	0.705343	0.810726	0.823856	0.786329	0.862555	0.743755	1.0	0.832701	0.839325
VolcanicIslands	0.698046	0.888559	0.837532	0.722215	0.545726	0.840718	0.827655	0.76883	0.927102	0.720148	0.698618	0.697057	0.79659	0.821944	0.78967	0.842612	0.762371	0.832701	1.0	0.887678
VoyageBeagle	0.853596	0.865143	0.852667	0.741106	0.582364	0.86869	0.885021	0.801066	0.881697	0.810432	0.827363	0.778511	0.787616	0.801885	0.841828	0.84627	0.86069	0.839325	0.887678	1.0
