 	Autobiography	CoralReefs	DescentofMan	DifferentFromsofFlowers	EffectsCrossSelfFertilization	ExpressionofEmotionManAnimals	FormationVegetableMould	FoundationsOriginSpecies	GeologicalObservationsSouthAmerica	InsectivorousPlants	LifeandLettersVol1	LifeandLettersVol2	MonographCirripedia	MovementClimbingPlants	OriginofSpecies	PowerMovemntPlants	VariationPLantsAnimalsDomestication	VolcanicIslands	VoyageBeagle
Autobiography	1.0	0.701596	0.733804	0.621897	0.501808	0.786498	0.777164	0.696508	0.724636	0.719823	0.907423	0.835444	0.638809	0.728792	0.73135	0.762637	0.722186	0.725066	0.859755
CoralReefs	0.701596	1.0	0.817685	0.716029	0.539589	0.80752	0.797701	0.767748	0.878361	0.704623	0.703763	0.715819	0.776437	0.76606	0.839188	0.739946	0.80671	0.892769	0.869022
DescentofMan	0.733804	0.817685	1.0	0.74185	0.554143	0.904556	0.794209	0.861886	0.81442	0.713829	0.737928	0.735608	0.794431	0.797335	0.891911	0.749474	0.888037	0.84295	0.855799
DifferentFromsofFlowers	0.621897	0.716029	0.74185	1.0	0.781793	0.715132	0.706637	0.699396	0.719946	0.683487	0.598224	0.592731	0.705534	0.724838	0.750106	0.710597	0.755203	0.731761	0.747753
EffectsCrossSelfFertilization	0.501808	0.539589	0.554143	0.781793	1.0	0.538405	0.579426	0.526351	0.555897	0.587735	0.465446	0.457635	0.515505	0.565757	0.576534	0.599633	0.576036	0.55304	0.588283
ExpressionofEmotionManAnimals	0.786498	0.80752	0.904556	0.715132	0.538405	1.0	0.805341	0.829388	0.807627	0.718848	0.784186	0.759395	0.774666	0.824311	0.856129	0.772257	0.855623	0.847792	0.871274
FormationVegetableMould	0.777164	0.797701	0.794209	0.706637	0.579426	0.805341	1.0	0.735251	0.819861	0.804071	0.721528	0.688344	0.719593	0.793031	0.790257	0.839303	0.788341	0.834532	0.888327
FoundationsOriginSpecies	0.696508	0.767748	0.861886	0.699396	0.526351	0.829388	0.735251	1.0	0.762698	0.665393	0.716006	0.71017	0.725249	0.763824	0.879551	0.712032	0.84509	0.780706	0.806866
GeologicalObservationsSouthAmerica	0.724636	0.878361	0.81442	0.719946	0.555897	0.807627	0.819861	0.762698	1.0	0.726827	0.700141	0.695081	0.797903	0.775552	0.830812	0.76696	0.81806	0.929335	0.88516
InsectivorousPlants	0.719823	0.704623	0.713829	0.683487	0.587735	0.718848	0.804071	0.665393	0.726827	1.0	0.654191	0.622268	0.692357	0.790957	0.707932	0.844157	0.708681	0.726823	0.813793
LifeandLettersVol1	0.907423	0.703763	0.737928	0.598224	0.465446	0.784186	0.721528	0.716006	0.700141	0.654191	1.0	0.959098	0.625186	0.70946	0.756417	0.692835	0.718203	0.711927	0.831428
LifeandLettersVol2	0.835444	0.715819	0.735608	0.592731	0.457635	0.759395	0.688344	0.71017	0.695081	0.622268	0.959098	1.0	0.616346	0.691623	0.767851	0.653639	0.712795	0.712442	0.783926
MonographCirripedia	0.638809	0.776437	0.794431	0.705534	0.515505	0.774666	0.719593	0.725249	0.797903	0.692357	0.625186	0.616346	1.0	0.760289	0.772933	0.72289	0.816149	0.802753	0.793692
MovementClimbingPlants	0.728792	0.76606	0.797335	0.724838	0.565757	0.824311	0.793031	0.763824	0.775552	0.790957	0.70946	0.691623	0.760289	1.0	0.804105	0.846677	0.792969	0.801084	0.847294
OriginofSpecies	0.73135	0.839188	0.891911	0.750106	0.576534	0.856129	0.790257	0.879551	0.830812	0.707932	0.756417	0.767851	0.772933	0.804105	1.0	0.741775	0.86589	0.849345	0.849794
PowerMovemntPlants	0.762637	0.739946	0.749474	0.710597	0.599633	0.772256	0.839303	0.712032	0.76696	0.844157	0.692835	0.653639	0.72289	0.846677	0.741775	1.0	0.747889	0.768416	0.862943
VariationPLantsAnimalsDomestication	0.722186	0.80671	0.888037	0.755203	0.576036	0.855623	0.788341	0.84509	0.81806	0.708681	0.718203	0.712795	0.816149	0.792969	0.86589	0.747889	1.0	0.83757	0.842912
VolcanicIslands	0.725066	0.892769	0.84295	0.731761	0.55304	0.847792	0.834532	0.780706	0.929335	0.726823	0.711927	0.712442	0.802753	0.801084	0.849345	0.768416	0.83757	1.0	0.89168
VoyageBeagle	0.859755	0.869022	0.855799	0.747753	0.588283	0.871274	0.888327	0.806866	0.88516	0.813793	0.831428	0.783926	0.793692	0.847294	0.849794	0.862943	0.842912	0.89168	1.0
